2.000000000000000000e+01 8.500000000000000000e+01 8.500000000000000000e+01 8.500000000000000000e+01 8.500000000000000000e+01 8.500000000000000000e+01 8.500000000000000000e+01 8.500000000000000000e+01 8.500000000000000000e+01 8.500000000000000000e+01 8.500000000000000000e+01 8.500000000000000000e+01 8.500000000000000000e+01 8.500000000000000000e+01 8.500000000000000000e+01 8.500000000000000000e+01 8.500000000000000000e+01 8.500000000000000000e+01 8.500000000000000000e+01 8.500000000000000000e+01
1.300000000000000000e+01 1.300000000000000000e+01 2.200000000000000000e+01 2.200000000000000000e+01 2.200000000000000000e+01 2.200000000000000000e+01 2.200000000000000000e+01 2.200000000000000000e+01 2.200000000000000000e+01 2.200000000000000000e+01 2.200000000000000000e+01 2.200000000000000000e+01 2.200000000000000000e+01 2.200000000000000000e+01 2.200000000000000000e+01 2.200000000000000000e+01 2.200000000000000000e+01 2.200000000000000000e+01 2.200000000000000000e+01 2.200000000000000000e+01
8.700000000000000000e+01 8.700000000000000000e+01 2.560000000000000000e+02 2.560000000000000000e+02 2.560000000000000000e+02 2.560000000000000000e+02 2.560000000000000000e+02 2.560000000000000000e+02 2.560000000000000000e+02 2.560000000000000000e+02 2.560000000000000000e+02 2.560000000000000000e+02 2.560000000000000000e+02 2.560000000000000000e+02 2.560000000000000000e+02 2.560000000000000000e+02 2.560000000000000000e+02 2.560000000000000000e+02 2.560000000000000000e+02 2.560000000000000000e+02
1.030000000000000000e+02 1.030000000000000000e+02 1.520000000000000000e+02 1.520000000000000000e+02 1.900000000000000000e+02 1.900000000000000000e+02 1.900000000000000000e+02 1.900000000000000000e+02 1.900000000000000000e+02 1.900000000000000000e+02 2.380000000000000000e+02 2.380000000000000000e+02 2.380000000000000000e+02 2.380000000000000000e+02 2.400000000000000000e+02 2.400000000000000000e+02 2.400000000000000000e+02 2.400000000000000000e+02 2.400000000000000000e+02 2.400000000000000000e+02
4.000000000000000000e+00 8.900000000000000000e+01 8.900000000000000000e+01 8.900000000000000000e+01 8.900000000000000000e+01 8.900000000000000000e+01 8.900000000000000000e+01 9.700000000000000000e+01 9.700000000000000000e+01 9.700000000000000000e+01 9.700000000000000000e+01 9.700000000000000000e+01 9.700000000000000000e+01 9.700000000000000000e+01 9.700000000000000000e+01 9.700000000000000000e+01 9.700000000000000000e+01 9.700000000000000000e+01 9.700000000000000000e+01 9.700000000000000000e+01
2.000000000000000000e+00 5.900000000000000000e+01 7.400000000000000000e+01 7.400000000000000000e+01 7.400000000000000000e+01 7.400000000000000000e+01 7.400000000000000000e+01 7.400000000000000000e+01 7.400000000000000000e+01 7.400000000000000000e+01 7.400000000000000000e+01 7.400000000000000000e+01 7.400000000000000000e+01 8.900000000000000000e+01 8.900000000000000000e+01 8.900000000000000000e+01 8.900000000000000000e+01 8.900000000000000000e+01 8.900000000000000000e+01 8.900000000000000000e+01
-2.100000000000000000e+01 -2.100000000000000000e+01 5.000000000000000000e+00 5.000000000000000000e+00 5.000000000000000000e+00 5.000000000000000000e+00 5.000000000000000000e+00 5.000000000000000000e+00 5.000000000000000000e+00 2.600000000000000000e+01 2.600000000000000000e+01 2.600000000000000000e+01 2.600000000000000000e+01 2.600000000000000000e+01 2.600000000000000000e+01 2.600000000000000000e+01 2.800000000000000000e+01 2.800000000000000000e+01 2.800000000000000000e+01 2.800000000000000000e+01
1.660000000000000000e+02 1.660000000000000000e+02 1.660000000000000000e+02 2.180000000000000000e+02 2.180000000000000000e+02 2.180000000000000000e+02 2.180000000000000000e+02 2.420000000000000000e+02 2.420000000000000000e+02 2.420000000000000000e+02 2.420000000000000000e+02 2.420000000000000000e+02 2.660000000000000000e+02 2.660000000000000000e+02 2.660000000000000000e+02 2.660000000000000000e+02 2.660000000000000000e+02 2.660000000000000000e+02 2.660000000000000000e+02 2.660000000000000000e+02
2.200000000000000000e+01 2.200000000000000000e+01 2.200000000000000000e+01 4.400000000000000000e+01 4.400000000000000000e+01 4.400000000000000000e+01 7.500000000000000000e+01 7.500000000000000000e+01 7.500000000000000000e+01 7.500000000000000000e+01 7.500000000000000000e+01 7.500000000000000000e+01 7.500000000000000000e+01 7.500000000000000000e+01 7.500000000000000000e+01 7.500000000000000000e+01 7.500000000000000000e+01 7.500000000000000000e+01 7.500000000000000000e+01 7.500000000000000000e+01
1.030000000000000000e+02 1.260000000000000000e+02 1.260000000000000000e+02 1.510000000000000000e+02 1.510000000000000000e+02 2.720000000000000000e+02 2.720000000000000000e+02 2.720000000000000000e+02 2.720000000000000000e+02 2.720000000000000000e+02 2.720000000000000000e+02 2.720000000000000000e+02 2.720000000000000000e+02 2.720000000000000000e+02 2.720000000000000000e+02 2.720000000000000000e+02 2.720000000000000000e+02 2.720000000000000000e+02 2.720000000000000000e+02 2.720000000000000000e+02
